Rank	City	Population (2000)	Latitude (DD)	Longitude (DD)
1	Sydney	4277200	-33.870	151.210
2	Melbourne	3666000	-37.810	144.960
3	Brisbane	1598600	-27.460	153.020
4	Perth	1412900	-31.960	115.840
5	Adelaide	1089700	-34.930	138.600
6	Newcastle	502300	-32.920	151.750
7	Gold_coast	457900	-28.070	153.440
8	Canberra	323100	-35.310	149.130
9	Wollongong	262500	-34.420	150.870
10	Sunshine_coast	254700	-25.880	152.560
11	Hobart	201000	-42.850	147.290
12	Geelong	161500	-38.140	144.320
13	Townsville	152400	-19.260	146.780
14	Cairns	128500	-16.920	145.750
15	Launceston	99400	-41.450	147.130
16	Albury-wodonga	97300	-36.060	146.920
17	Darwin	95000	-12.430	130.850
18	Toowoomba	91800	-27.560	151.960
19	Ballarat	85300	-37.560	143.840
20	Shoalhaven	81600	-34.880	150.590
21	Bendigo	80400	-36.760	144.280
22	Burnie-devonport	78400	-41.060	145.890
23	Bathurst-orange	76600	-33.420	149.570
24	Mackay	72700	-21.140	149.180
25	Hastings	68000	-38.310	145.190
26	Rockhampton	66100	-23.370	150.510
27	Coffs_harbour	62600	-30.300	153.120
28	Bundaberg	60300	-24.870	152.350
29	Wagga_wagga	56400	-35.120	147.350
30	Mildura	46900	-34.190	142.160
31	Shepparton-mooroopna	45300	-36.370	145.400
32	Maroochydore-mooloolaba	45100	-26.680	153.120
33	Taree	44900	-31.900	152.470
34	Lismore	43200	-28.810	153.290
35	Gladstone	42900	-23.850	151.250
36	Mandurah	40800	-32.530	115.750
37	Hervey_bay	39700	-25.290	152.840
38	Dubbo	39100	-32.250	148.600
39	Tamworth	36700	-31.100	150.920
40	Port_macquarie	35900	-31.440	152.910
41	Kalgoorlie-boulder	35600	-30.740	121.460
42	Caloundra	35100	-26.810	153.130
43	Melton	33500	-37.690	144.570
44	Tewantin-noosa	32300	-26.390	153.030
45	Warrnambool	28800	-38.380	142.470
46	Geraldton	28700	-28.770	114.590
47	Bunbury	28300	-33.350	115.650
48	Cranbourne	27400	-38.110	145.270
49	Mount_isa	27000	-20.730	139.480
50	Maryborough	26400	-25.540	152.720
51	Alice_springs	25500	-23.700	133.870
52	Palmerston	24700	-12.400	130.900
53	Sunbury	24500	-37.570	144.710
54	Whyalla	24400	-33.030	137.570
55	Queanbeyan	23800	-35.350	149.220
56	Albany	23300	-35.020	117.880
57	Mount_gambier	23000	-37.840	140.770
58	Richmond-windsor	22700	-33.600	150.740
59	Armidale	22700	-30.510	151.660
60	Goulburn	22600	-34.750	149.710
61	Broken_hill	22300	-31.950	141.440
62	Caboolture	21800	-27.090	152.950
63	Roebourne	21200	-20.770	117.130
64	Traralgon	21000	-38.200	146.530
65	Kawana_waters	20200	-26.760	153.130
66	Katoomba-wentworth_falls	18800	-33.710	150.320
67	Cessnock	18700	-32.830	151.360
68	Cairns_northern_beaches	18300	-16.840	145.700
69	Nerang	17900	-27.990	153.330
70	Kwinana	17800	-32.250	115.770
71	Grafton	17600	-29.710	152.940
72	Wangaratta	17200	-36.360	146.300
73	Ballina	17100	-28.860	153.560
74	Helensvale	17100	-15.710	145.230
75	Moe-yallourn	17100	-38.180	146.250
76	Forster-tuncurry	17000	-32.190	152.520
77	Deception_bay	16300	-27.200	153.020
78	Gawler	16100	-34.610	138.730
79	Buderim	15400	-26.680	153.050
80	Morwell	15300	-38.230	146.400
81	Griffith	15100	-34.290	146.040
82	Nambour	15100	-26.630	152.970
83	Sale	14800	-38.110	147.060
84	Port_hedland	14600	-20.310	118.600
85	Port_augusta	14500	-32.490	137.770
86	Crafers-bridgewater	14500	-35.000	138.700
87	Kingston-blackmans_bay	14500	-42.990	147.310
88	Craigieburn	14300	-37.600	144.930
89	Port_pirie	14200	-33.190	137.980
90	Sawtell	14100	-30.370	153.090
91	Horsham	13900	-36.710	142.190
92	Bongaree	13800	-27.090	153.160
93	Echuca-moama	13800	-36.130	144.750
94	Warwick	13600	-28.220	152.030
95	Gympie	13400	-26.190	152.670
96	Murray_bridge	13400	-35.130	139.260
97	Kurri_kurri	13400	-32.820	151.460
98	Singleton	13300	-32.570	151.160
99	Raymond_terrace	13100	-32.800	151.840
100	Broome	12900	-17.960	122.230
101	Kiama	12500	-34.710	150.840
102	Ocean_grove-barwon_heads	12500	-38.250	144.520
103	Baccus_marsh	12500	-37.670	144.430
104	Port_lincoln	12200	-34.720	135.850
105	Lithgow	12200	-33.490	150.140
106	Busselton	12100	-33.660	115.350
107	Victoria_point	12100	-27.580	153.300
108	Bairnsdale	12000	-37.830	147.610
109	Dalby	11800	-27.190	151.260
110	Emerald	11600	-23.520	148.160
111	Karratha	11400	-20.730	116.870
112	Muswellbrook	11200	-32.270	150.890
113	Bowen	11100	-20.000	148.210
114	Innisfail	11100	-17.530	146.030
115	Charters_towers	11000	-20.080	146.250
116	Yeppoon	10900	-23.130	150.740
117	Colac	10800	-38.340	143.580
118	Ayr	10800	-19.570	147.400
119	Portland	10700	-38.340	141.590
120	Parkes	10700	-33.130	148.170
121	Casino	10600	-28.870	153.040
122	Pakenham	10500	-38.060	145.400
123	Ulverstone	10400	-41.160	146.160
124	Morayfield	10400	-27.110	152.950
125	Swan_hill	10400	-35.340	143.540
126	Lawson-hazelbrook	10200	-33.720	150.430
127	Batemans_bay	10200	-35.700	150.190
128	Hamilton	10200	-37.730	142.020
129	Katherine	10000	-14.470	132.260
130	Inverell	10000	-29.770	151.110
131	Warragul	10000	-38.160	145.930
132	Moree	9900	-29.470	149.840
133	Esperance	9800	-33.860	121.890
134	Benalla	9500	-36.550	145.970
135	Bowral	9300	-34.500	150.400
136	Kempsey	9200	-31.080	152.830
137	Cowra	9100	-33.830	148.680
138	Ulladulla	8900	-35.350	150.470
139	Gunnedah	8800	-30.980	150.260
140	Kingaroy	8700	-26.540	151.840
141	Coolum_beach	8700	-26.500	153.070
142	Mudgee	8700	-32.590	149.580
143	Wangi-rathmines	8600	-33.030	151.600
144	Mareeba	8500	-16.980	145.420
145	Burpengary	8400	-27.170	152.950
146	Deniliquin	8300	-35.530	144.950
147	Collie	8200	-33.360	116.150
148	Mount_barker	8200	-35.070	138.840
149	Maryborough	8200	-37.050	143.730
150	Lara	8100	-38.030	144.410
151	Moranbah	8100	-22.000	148.040
152	Murwillumbah	8100	-28.330	153.400
153	Forbes	7900	-33.390	148.000
154	Bridgewater-gagebrook	7900	-42.740	147.220
155	Victor.harbor	7700	-35.550	138.620
156	Ararat	7600	-37.280	142.930
157	Somerville	7600		
158	Cooma	7600	-36.240	149.120
159	Castlemaine	7400	-37.070	144.210
160	Nelson.bay	7400	-32.720	152.150
161	Blackwater	7300	-23.580	148.880
162	Clifton_springs	7300	-38.150	144.570
163	Young	7200	-34.310	148.290
164	Carnarvon	7200	-24.890	113.640
165	Northam	7200	-31.660	116.660
166	Atherton	7100	-17.260	145.470
167	Roma	7100	-26.570	148.780
168	Somerville	7000	-38.220	145.170
169	Leeton	7000	-34.550	146.400
170	Healesville	7000	-37.660	145.520
171	Stawell	6900	-37.060	142.760
172	Crib_point	6800	-38.380	145.020
173	Narrabri	6800	-30.330	149.780
174	Nambucca_heads	6700	-30.600	152.980
175	Gatton	6600	-27.560	152.280
176	Torquay	6600	-25.280	152.870
177	Mittagong	6500	-34.450	150.430
178	Australind	6500	-33.310	115.700
179	Glenn_innes	6500	-29.740	151.740
180	Wonthaggi	6500	-38.610	145.590
181	Byron_bay	6500	-28.660	153.610
182	Moss_vale	6500	-34.550	150.370
183	Biloela	6400	-24.400	150.510
184	Cootamundra	6300	-34.650	148.010
185	Kyabram	6300	-36.320	145.050
186	Tumut	6300	-35.310	148.220
187	Corowa-wahgunyah	6200	-36.000	146.380
188	Ingham	6200	-18.650	146.150
189	Camden_haven	6200	-34.070	150.700
190	Leopold	6100	-38.180	144.460
191	Lakes_entrance	5800	-37.880	147.990
192	Lemon_tree.passage	5700	-32.770	152.010
193	New_norfolk	5600	-42.780	147.050
194	Medowie	5600	-32.740	151.860
195	Yarrawonga-mulwala	5600	-36.020	146.000
196	Kununurra	5500	-15.760	128.730
197	Wellington	5200	-32.560	148.950
198	Humpty_doo-macminns_lagoon	4700	-12.530	131.050
199	Tennant_creek	4100	-19.650	134.180
200	Nhulunbuy	3400	-12.190	136.760
201	Howard_springs	3100	-12.470	131.040
202	Yulara	2700	-25.230	131.060
204	Jabiru	1700	-12.670	132.880
205	Maningrida	1300	-12.070	134.080
206	Port_keats	1300	-14.250	129.540
207	Galiwinku	1300	-11.980	135.560
208	Alyangula	1200	-13.830	136.420
209	Nguiu	1200	-11.760	130.630
210	Milingimbi	917	-12.100	134.910
211	Ngukurr	881	-14.680	134.560
212	Coonawarra	879	-12.380	130.880
